Hall slack analysis: n in [100, 100000], step=100, alpha=0.85
      n    surv   band_q      iso   non_iso   s_viol   p_viol   tight_slack
---------------------------------------------------------------------------
    100      24       10       24         0        0        0           n/a
    200      33       22       33         0        0        0           n/a
    300      56       31       56         0        0        0           n/a
    400      70       41       70         0        0        0           n/a
    500      71       51       71         0        0        0           n/a
    600      79       59       79         0        0        0           n/a
    700     109       70      109         0        0        0           n/a
    800     118       77      118         0        0        0           n/a
    900     137       88      137         0        0        0           n/a
   1000     152       97      152         0        0        0           n/a
   1100     165      108      165         0        0        0           n/a
   1200     167      116      167         0        0        0           n/a
   1300     185      125      185         0        0        0           n/a
   1400     196      131      196         0        0        0           n/a
   1500     187      144      187         0        0        0           n/a
   1600     226      152      226         0        0        0           n/a
   1700     225      164      225         0        0        0           n/a
   1800     224      172      224         0        0        0           n/a
   1900     262      179      262         0        0        0           n/a
   2000     267      188      267         0        0        0           n/a
   2100     294      196      294         0        0        0           n/a
   2200     272      202      272         0        0        0           n/a
   2300     312      214      312         0        0        0           n/a
   2400     302      225      302         0        0        0           n/a
   2500     328      230      328         0        0        0           n/a
   2600     323      239      323         0        0        0           n/a
   2700     343      250      343         0        0        0           n/a
   2800     372      261      372         0        0        0           n/a
   2900     383      268      383         0        0        0           n/a
   3000     341      276      341         0        0        0           n/a
   3100     386      285      386         0        0        0           n/a
   3200     382      290      382         0        0        0           n/a
   3300     401      298      401         0        0        0           n/a
   3400     427      310      427         0        0        0           n/a
   3500     417      317      417         0        0        0           n/a
   3600     436      326      436         0        0        0           n/a
   3700     438      336      438         0        0        0           n/a
   3800     463      343      463         0        0        0           n/a
   3900     474      351      474         0        0        0           n/a
   4000     466      360      466         0        0        0           n/a
   4100     514      372      514         0        0        0           n/a
   4200     497      377      497         0        0        0           n/a
   4300     511      390      511         0        0        0           n/a
   4400     530      395      530         0        0        0           n/a
   4500     530      405      530         0        0        0           n/a
   4600     539      411      539         0        0        0           n/a
   4700     551      418      551         0        0        0           n/a
   4800     567      429      567         0        0        0           n/a
   4900     563      435      563         0        0        0           n/a
   5000     613      448      613         0        0        0           n/a
   5100     589      458      589         0        0        0           n/a
   5200     602      464      602         0        0        0           n/a
   5300     630      470      630         0        0        0           n/a
   5400     601      476      601         0        0        0           n/a
   5500     643      485      643         0        0        0           n/a
   5600     634      496      633         1        0        0           n/a
   5700     663      505      660         3        0        0            +4
   5800     683      511      681         2        0        0            +4
   5900     681      524      677         4        0        0            +4
   6000     706      525      698         8        0        0            +4
   6100     698      536      689         9        0        0            +4
   6200     735      543      720        15        0        0            +4
   6300     737      555      730         7        0        0            +1
   6400     736      567      724        12        0        0            +4
   6500     740      571      725        15        0        0            +4
   6600     793      579      777        16        0        0            +4
   6700     784      586      760        24        0        0            +4
   6800     780      596      763        17        0        0            +4
   6900     778      605      759        19        0        0            +4
   7000     811      617      788        23        0        0            +1
   7100     818      621      791        27        0        0            +4
   7200     816      629      791        25        0        0            +1
   7300     868      637      845        23        0        0            +4
   7400     869      644      843        26        0        0            +1
   7500     883      653      860        23        0        0            +4
   7600     882      665      849        33        0        0            +4
   7700     897      672      859        38        0        0            +4
   7800     927      679      899        28        0        0            +4
   7900     918      687      882        36        0        0            +4
   8000     917      695      874        43        0        0            +1
   8100     917      701      874        43        0        0            +4
   8200     980      709      939        41        0        0            +4
   8300     952      718      903        49        0        0            +1
   8400     996      725      938        58        0        0            +1
   8500     994      732      943        51        0        0            +1
   8600     975      742      925        50        0        0            +1
   8700    1002      753      962        40        0        0            +4
   8800    1016      760      959        57        0        0            +4
   8900    1017      770      967        50        0        0            +4
   9000    1094      776     1049        45        0        0            +4
   9100    1080      784     1026        54        0        0            +4
   9200    1065      794     1005        60        0        0            +1
   9300    1075      801     1016        59        0        0            +1
   9400    1078      808     1007        71        0        0            +1
   9500    1079      820     1008        71        0        0            +1
   9600    1098      824     1032        66        0        0            +1
   9700    1141      834     1073        68        0        0            +1
   9800    1120      843     1044        76        0        0            +1
   9900    1145      853     1073        72        0        0            +1
  10000    1156      861     1081        75        0        0            +1
  10100    1187      870     1098        89        0        0            +1
  10200    1215      878     1131        84        0        0            +4
  10300    1170      887     1091        79        0        0            +1
  10400    1204      896     1128        76        0        0            +1
  10500    1245      904     1157        88        0        0            +1
  10600    1215      910     1139        76        0        0            +1
  10700    1245      919     1135       110        0        0            +4
  10800    1293      927     1209        84        0        0            +1
  10900    1264      932     1176        88        0        0            +1
  11000    1309      938     1225        84        0        0            +1
  11100    1286      945     1192        94        0        0            +1
  11200    1287      954     1173       114        0        0            +1
  11300    1321      962     1213       108        0        0            +1
  11400    1316      967     1199       117        0        0            +1
  11500    1366      977     1262       104        0        0            +1
  11600    1352      983     1243       109        0        0            +1
  11700    1376      988     1271       105        0        0            +2
  11800    1406      995     1288       118        0        0            +1
  11900    1404     1004     1284       120        0        0            +1
  12000    1435     1015     1318       117        0        0            +1
  12100    1385     1022     1262       123        0        0            +1
  12200    1448     1029     1329       119        0        0            +1
  12300    1442     1041     1311       131        0        0            +1
  12400    1431     1047     1312       119        0        0            +1
  12500    1452     1058     1334       118        0        0            +1
  12600    1477     1067     1356       121        0        0            +1
  12700    1454     1077     1326       128        0        0            +1
  12800    1523     1084     1412       111        0        0            +1
  12900    1491     1092     1361       130        0        0            +1
  13000    1531     1101     1400       131        0        0            +1
  13100    1510     1112     1375       135        0        0            +1
  13200    1521     1121     1393       128        0        0            +1
  13300    1534     1127     1395       139        0        0            +1
  13400    1570     1133     1427       143        0        0            +1
  13500    1564     1143     1423       141        0        0            +1
  13600    1553     1147     1395       158        0        0            +1
  13700    1597     1158     1436       161        0        0            +1
  13800    1567     1168     1419       148        0        0            +1
  13900    1607     1173     1447       160        0        0            +2
  14000    1631     1181     1477       154        0        0            +1
  14100    1611     1188     1451       160        0        0            +1
  14200    1656     1194     1472       184        0        0            +1
  14300    1669     1199     1509       160        0        0            +1
  14400    1684     1206     1514       170        0        0            +1
  14500    1688     1217     1519       169        0        0            +1
  14600    1658     1225     1487       171        0        0            +1
  14700    1709     1233     1550       159        0        0            +2
  14800    1709     1245     1540       169        0        0            +1
  14900    1748     1255     1572       176        0        0            +1
  15000    1773     1258     1585       188        0        0            +1
  15100    1714     1264     1542       172        0        0            +1
  15200    1744     1273     1551       193        0        0            +1
  15300    1763     1284     1582       181        0        0            +1
  15400    1764     1292     1573       191        0        0            +1
  15500    1786     1300     1589       197        0        0            +1
  15600    1803     1307     1625       178        0        0            +1
  15700    1834     1317     1638       196        0        0            +1
  15800    1815     1326     1611       204        0        0            +1
  15900    1878     1333     1669       209        0        0            +1
  16000    1791     1340     1607       184        0        0            +1
  16100    1884     1351     1668       216        0        0            +1
  16200    1869     1357     1662       207        0        0            +1
  16300    1876     1362     1667       209        0        0            +1
  16400    1942     1369     1730       212        0        0            +1
  16500    1910     1380     1675       235        0        0            +1
  16600    1970     1383     1751       219        0        0            +1
  16700    1953     1394     1730       223        0        0            +1
  16800    1925     1400     1712       213        0        0            +1
  16900    1944     1404     1731       213        0        0            +1
  17000    1995     1413     1771       224        0        0            +1
  17100    1923     1423     1707       216        0        0            +1
  17200    1961     1431     1733       228        0        0            +1
  17300    1976     1438     1736       240        0        0            +1
  17400    2011     1445     1795       216        0        0            +1
  17500    2045     1457     1803       242        0        0            +1
  17600    2055     1464     1833       222        0        0            +1
  17700    2085     1470     1832       253        0        0            +1
  17800    2074     1477     1809       265        0        0            +1
  17900    2092     1484     1809       283        0        0            +1
  18000    2089     1494     1842       247        0        0            +1
  18100    2069     1501     1813       256        0        0            +1
  18200    2089     1511     1853       236        0        0            +1
  18300    2139     1522     1876       263        0        0            +1
  18400    2155     1530     1908       247        0        0            +1
  18500    2168     1538     1914       254        0        0            +1
  18600    2144     1545     1887       257        0        0            +1
  18700    2146     1547     1884       262        0        0            +1
  18800    2141     1556     1878       263        0        0            +1
  18900    2215     1560     1941       274        0        0            +1
  19000    2246     1567     1973       273        0        0            +1
  19100    2201     1575     1916       285        0        0            +1
  19200    2236     1579     1949       287        0        0            +1
  19300    2223     1589     1910       313        0        0            +1
  19400    2268     1596     1967       301        0        0            +1
  19500    2262     1610     2011       251        0        0            +1
  19600    2208     1619     1926       282        0        0            +2
  19700    2259     1623     1975       284        0        0            +1
  19800    2347     1631     2049       298        0        0            +1
  19900    2280     1639     2001       279        0        0            +1
  20000    2317     1647     2020       297        0        0            +1
  20100    2341     1656     2072       269        0        0            +1
  20200    2323     1666     2026       297        0        0            +1
  20300    2353     1673     2028       325        0        0            +1
  20400    2365     1682     2070       295        0        0            +1
  20500    2384     1689     2090       294        0        0            +1
  20600    2372     1697     2068       304        0        0            +1
  20700    2406     1700     2103       303        0        0            +1
  20800    2407     1709     2083       324        0        0            +1
  20900    2433     1717     2119       314        0        0            +1
  21000    2461     1725     2139       322        0        0            +1
  21100    2393     1732     2075       318        0        0            +1
  21200    2477     1744     2162       315        0        0            +1
  21300    2510     1750     2195       315        0        0            +1
  21400    2438     1757     2125       313        0        0            +1
  21500    2447     1764     2125       322        0        0            +1
  21600    2484     1775     2130       354        0        0            +1
  21700    2476     1784     2153       323        0        0            +1
  21800    2531     1793     2171       360        0        0            +1
  21900    2495     1802     2178       317        0        0            +1
  22000    2588     1808     2244       344        0        0            +1
  22100    2574     1820     2238       336        0        0            +1
  22200    2548     1828     2189       359        0        0            +1
  22300    2568     1835     2249       319        0        0            +1
  22400    2603     1841     2281       322        0        0            +1
  22500    2561     1845     2233       328        0        0            +1
  22600    2575     1850     2214       361        0        0            +1
  22700    2653     1861     2289       364        0        0            +1
  22800    2649     1870     2297       352        0        0            +1
  22900    2680     1877     2345       335        0        0            +1
  23000    2656     1884     2270       386        0        0            +1
  23100    2658     1896     2287       371        0        0            +1
  23200    2668     1903     2309       359        0        0            +1
  23300    2694     1911     2309       385        0        0            +1
  23400    2683     1918     2317       366        0        0            +1
  23500    2683     1922     2287       396        0        0            +1
  23600    2711     1932     2309       402        0        0            +1
  23700    2699     1943     2330       369        0        0            +1
  23800    2754     1949     2390       364        0        0            +1
  23900    2695     1961     2327       368        0        0            +2
  24000    2751     1967     2370       381        0        0            +1
  24100    2837     1978     2410       427        0        0            +1
  24200    2803     1988     2406       397        0        0            +1
  24300    2835     1994     2447       388        0        0            +1
  24400    2810     2000     2408       402        0        0            +1
  24500    2870     2010     2468       402        0        0            +1
  24600    2804     2015     2402       402        0        0            +1
  24700    2852     2020     2409       443        0        0            +1
  24800    2865     2026     2454       411        0        0            +1
  24900    2855     2030     2460       395        0        0            +1
  25000    2876     2040     2475       401        0        0            +1
  25100    2890     2045     2483       407        0        0            +1
  25200    2912     2053     2524       388        0        0            +1
  25300    2964     2057     2544       420        0        0            +1
  25400    2915     2068     2479       436        0        0            +1
  25500    2988     2076     2537       451        0        0            +1
  25600    2911     2081     2458       453        0        0            +1
  25700    2965     2092     2520       445        0        0            +1
  25800    3036     2102     2592       444        0        0            +1
  25900    2975     2108     2547       428        0        0            +1
  26000    2963     2115     2524       439        0        0            +1
  26100    3007     2121     2533       474        0        0            +1
  26200    3038     2129     2589       449        0        0            +1
  26300    3016     2138     2556       460        0        0            +1
  26400    3093     2147     2607       486        0        0            +1
  26500    3091     2153     2625       466        0        0            +1
  26600    3065     2161     2588       477        0        0            +1
  26700    3084     2169     2651       433        0        0            +1
  26800    3041     2178     2579       462        0        0            +1
  26900    3086     2187     2653       433        0        0            +1
  27000    3102     2194     2629       473        0        0            +1
  27100    3123     2200     2659       464        0        0            +1
  27200    3168     2205     2685       483        0        0            +1
  27300    3119     2213     2628       491        0        0            +1
  27400    3190     2217     2706       484        0        0            +1
  27500    3204     2225     2739       465        0        0            +1
  27600    3161     2231     2690       471        0        0            +1
  27700    3161     2240     2663       498        0        0            +1
  27800    3174     2252     2675       499        0        0            +1
  27900    3204     2260     2708       496        0        0            +1
  28000    3254     2270     2721       533        0        0            +1
  28100    3288     2278     2792       496        0        0            +1
  28200    3237     2283     2733       504        0        0            +1
  28300    3240     2289     2753       487        0        0            +1
  28400    3315     2294     2788       527        0        0            +1
  28500    3310     2303     2804       506        0        0            +1
  28600    3294     2312     2770       524        0        0            +1
  28700    3297     2324     2761       536        0        0            +1
  28800    3316     2333     2807       509        0        0            +1
  28900    3401     2341     2903       498        0        0            +1
  29000    3370     2346     2836       534        0        0            +1
  29100    3347     2352     2818       529        0        0            +1
  29200    3351     2362     2787       564        0        0            +1
  29300    3376     2369     2819       557        0        0            +1
  29400    3453     2377     2908       545        0        0            +1
  29500    3391     2384     2862       529        0        0            +1
  29600    3400     2391     2865       535        0        0            +1
  29700    3431     2397     2893       538        0        0            +1
  29800    3491     2401     2927       564        0        0            +1
  29900    3453     2408     2894       559        0        0            +1
  30000    3465     2412     2910       555        0        0            +1
  30100    3485     2420     2914       571        0        0            +1
  30200    3491     2431     2965       526        0        0            +1
  30300    3481     2439     2951       530        0        0            +1
  30400    3514     2446     2982       532        0        0            +1
  30500    3507     2452     2950       557        0        0            +1
  30600    3444     2460     2896       548        0        0            +1
  30700    3583     2469     3027       556        0        0            +1
  30800    3504     2475     2934       570        0        0            +1
  30900    3554     2485     2955       599        0        0            +1
  31000    3585     2490     3007       578        0        0            +1
  31100    3627     2498     3021       606        0        0            +1
  31200    3629     2508     3076       553        0        0            +1
  31300    3644     2518     3056       588        0        0            +1
  31400    3637     2529     3071       566        0        0            +1
  31500    3629     2530     3057       572        0        0            +1
  31600    3637     2538     3028       609        0        0            +1
  31700    3662     2546     3054       608        0        0            +1
  31800    3716     2553     3120       596        0        0            +1
  31900    3674     2558     3127       547        0        0            +1
  32000    3708     2563     3106       602        0        0            +1
  32100    3689     2574     3094       595        0        0            +1
  32200    3703     2581     3099       604        0        0            +1
  32300    3685     2587     3080       605        0        0            +1
  32400    3687     2600     3080       607        0        0            +1
  32500    3718     2607     3145       573        0        0            +1
  32600    3714     2616     3122       592        0        0            +2
  32700    3828     2622     3179       649        0        0            +1
  32800    3743     2631     3093       650        0        0            +1
  32900    3802     2636     3189       613        0        0            +1
  33000    3772     2648     3151       621        0        0            +1
  33100    3769     2657     3142       627        0        0            +1
  33200    3801     2664     3158       643        0        0            +1
  33300    3833     2666     3176       657        0        0            +1
  33400    3867     2675     3227       640        0        0            +1
  33500    3858     2683     3190       668        0        0            +1
  33600    3874     2694     3227       647        0        0            +1
  33700    3862     2702     3203       659        0        0            +1
  33800    3880     2712     3218       662        0        0            +1
  33900    3905     2721     3251       654        0        0            +1
  34000    3950     2728     3289       661        0        0            +1
  34100    3987     2732     3360       627        0        0            +1
  34200    3935     2739     3308       627        0        0            +1
  34300    3940     2748     3247       693        0        0            +1
  34400    3970     2758     3303       667        0        0            +1
  34500    3969     2766     3327       642        0        0            +1
  34600    3998     2773     3258       740        0        0            +1
  34700    3999     2782     3321       678        0        0            +1
  34800    4053     2788     3376       677        0        0            +1
  34900    4105     2797     3393       712        0        0            +1
  35000    4057     2803     3375       682        0        0            +1
  35100    4029     2812     3326       703        0        0            +1
  35200    4066     2819     3361       705        0        0            +1
  35300    4094     2825     3392       702        0        0            +1
  35400    4026     2832     3333       693        0        0            +1
  35500    4058     2840     3379       679        0        0            +1
  35600    4081     2853     3369       712        0        0            +1
  35700    4065     2856     3354       711        0        0            +1
  35800    4156     2861     3443       713        0        0            +1
  35900    4155     2872     3429       726        0        0            +1
  36000    4119     2879     3396       723        0        0            +1
  36100    4129     2888     3407       722        0        0            +1
  36200    4141     2893     3411       730        0        0            +1
  36300    4191     2901     3467       724        0        0            +1
  36400    4213     2907     3514       699        0        0            +1
  36500    4200     2912     3477       723        0        0            +1
  36600    4205     2921     3440       765        0        0            +1
  36700    4252     2928     3561       691        0        0            +1
  36800    4262     2938     3526       736        0        0            +1
  36900    4190     2945     3480       710        0        0            +1
  37000    4250     2955     3517       733        0        0            +1
  37100    4234     2962     3520       714        0        0            +1
  37200    4301     2969     3535       766        0        0            +1
  37300    4256     2973     3520       736        0        0            +1
  37400    4308     2982     3569       739        0        0            +1
  37500    4304     2988     3561       743        0        0            +1
  37600    4325     3001     3573       752        0        0            +1
  37700    4334     3008     3585       749        0        0            +1
  37800    4365     3013     3617       748        0        0            +1
  37900    4406     3021     3626       780        0        0            +1
  38000    4410     3030     3656       754        0        0            +1
  38100    4353     3033     3567       786        0        0            +1
  38200    4398     3041     3654       744        0        0            +1
  38300    4384     3050     3587       797        0        0            +1
  38400    4406     3056     3618       788        0        0            +1
  38500    4386     3061     3618       768        0        0            +1
  38600    4398     3066     3664       734        0        0            +1
  38700    4461     3075     3635       826        0        0            +1
  38800    4490     3083     3696       794        0        0            +1
  38900    4513     3091     3725       788        0        0            +1
  39000    4506     3101     3727       779        0        0            +1
  39100    4542     3108     3728       814        0        0            +1
  39200    4536     3117     3736       800        0        0            +1
  39300    4565     3125     3746       819        0        0            +1
  39400    4534     3136     3729       805        0        0            +1
  39500    4473     3141     3666       807        0        0            +1
  39600    4511     3147     3669       842        0        0            +1
  39700    4528     3153     3705       823        0        0            +1
  39800    4625     3161     3792       833        0        0            +1
  39900    4562     3173     3761       801        0        0            +1
  40000    4565     3179     3742       823        0        0            +1
  40100    4596     3186     3765       831        0        0            +1
  40200    4662     3195     3812       850        0        0            +1
  40300    4644     3202     3833       811        0        0            +1
  40400    4637     3205     3816       821        0        0            +1
  40500    4697     3211     3876       821        0        0            +1
  40600    4668     3220     3842       826        0        0            +1
  40700    4645     3225     3784       861        0        0            +1
  40800    4699     3228     3889       810        0        0            +1
  40900    4701     3240     3870       831        0        0            +1
  41000    4643     3246     3812       831        0        0            +1
  41100    4704     3255     3858       846        0        0            +1
  41200    4691     3264     3858       833        0        0            +1
  41300    4801     3275     3965       836        0        0            +1
  41400    4807     3281     3946       861        0        0            +1
  41500    4791     3287     3925       866        0        0            +1
  41600    4848     3294     3982       866        0        0            +1
  41700    4816     3305     3932       884        0        0            +1
  41800    4826     3310     3901       925        0        0            +1
  41900    4802     3321     3931       871        0        0            +1
  42000    4802     3332     3940       862        0        0            +1
  42100    4726     3340     3882       844        0        0            +1
  42200    4849     3347     3942       907        0        0            +1
  42300    4836     3356     3937       899        0        0            +1
  42400    4913     3364     4022       891        0        0            +1
  42500    4842     3378     3994       848        0        0            +1
  42600    4912     3382     3966       946        0        0            +1
  42700    4873     3389     3991       882        0        0            +1
  42800    4892     3400     4008       884        0        0            +1
  42900    4927     3407     4037       890        0        0            +1
  43000    4934     3414     4011       923        0        0            +1
  43100    4909     3420     4065       844        0        0            +1
  43200    4921     3425     4031       890        0        0            +1
  43300    5009     3431     4076       933        0        0            +1
  43400    5012     3434     4077       935        0        0            +1
  43500    4991     3441     4098       893        0        0            +1
  43600    4983     3448     4039       944        0        0            +1
  43700    4978     3457     4060       918        0        0            +1
  43800    5092     3466     4126       966        0        0            +1
  43900    4987     3468     4083       904        0        0            +1
  44000    5072     3476     4139       933        0        0            +1
  44100    5067     3484     4167       900        0        0            +1
  44200    5042     3493     4143       899        0        0            +1
  44300    5045     3504     4093       952        0        0            +1
  44400    5103     3510     4207       896        0        0            +1
  44500    5057     3513     4133       924        0        0            +1
  44600    5094     3522     4175       919        0        0            +1
  44700    5099     3531     4154       945        0        0            +1
  44800    5175     3540     4247       928        0        0            +1
  44900    5229     3547     4246       983        0        0            +1
  45000    5216     3554     4218       998        0        0            +1
  45100    5207     3559     4197      1010        0        0            +1
  45200    5210     3567     4220       990        0        0            +1
  45300    5177     3572     4185       992        0        0            +1
  45400    5157     3582     4184       973        0        0            +1
  45500    5271     3588     4302       969        0        0            +1
  45600    5212     3597     4262       950        0        0            +1
  45700    5203     3603     4196      1007        0        0            +1
  45800    5231     3609     4292       939        0        0            +1
  45900    5267     3617     4249      1018        0        0            +1
  46000    5222     3622     4258       964        0        0            +1
  46100    5379     3629     4379      1000        0        0            +1
  46200    5271     3637     4314       957        0        0            +1
  46300    5331     3641     4338       993        0        0            +1
  46400    5326     3649     4301      1025        0        0            +1
  46500    5387     3659     4314      1073        0        0            +1
  46600    5379     3665     4354      1025        0        0            +1
  46700    5347     3675     4385       962        0        0            +1
  46800    5369     3680     4333      1036        0        0            +1
  46900    5261     3688     4251      1010        0        0            +1
  47000    5323     3693     4311      1012        0        0            +1
  47100    5390     3698     4359      1031        0        0            +1
  47200    5394     3707     4374      1020        0        0            +1
  47300    5423     3714     4350      1073        0        0            +1
  47400    5418     3721     4379      1039        0        0            +1
  47500    5482     3725     4466      1016        0        0            +1
  47600    5486     3736     4432      1054        0        0            +1
  47700    5387     3742     4368      1019        0        0            +1
  47800    5429     3751     4392      1037        0        0            +1
  47900    5533     3757     4449      1084        0        0            +1
  48000    5464     3767     4396      1068        0        0            +1
  48100    5428     3772     4414      1014        0        0            +1
  48200    5546     3780     4522      1024        0        0            +1
  48300    5533     3787     4460      1073        0        0            +1
  48400    5542     3794     4472      1070        0        0            +1
  48500    5544     3804     4457      1087        0        0            +1
  48600    5551     3810     4478      1073        0        0            +1
  48700    5632     3817     4501      1131        0        0            +1
  48800    5565     3825     4493      1072        0        0            +1
  48900    5583     3834     4544      1039        0        0            +1
  49000    5626     3838     4521      1105        0        0            +1
  49100    5616     3848     4540      1076        0        0            +1
  49200    5652     3858     4563      1089        0        0            +1
  49300    5682     3864     4637      1045        0        0            +1
  49400    5598     3872     4514      1084        0        0            +1
  49500    5704     3880     4630      1074        0        0            +1
  49600    5712     3886     4605      1107        0        0            +1
  49700    5692     3894     4562      1130        0        0            +1
  49800    5691     3901     4600      1091        0        0            +1
  49900    5745     3909     4689      1056        0        0            +1
  50000    5733     3916     4605      1128        0        0            +1
  50100    5784     3925     4663      1121        0        0            +1
  50200    5707     3933     4609      1098        0        0            +1
  50300    5751     3940     4641      1110        0        0            +1
  50400    5797     3947     4694      1103        0        0            +1
  50500    5776     3952     4657      1119        0        0            +1
  50600    5736     3964     4633      1103        0        0            +1
  50700    5770     3967     4660      1110        0        0            +1
  50800    5807     3975     4674      1133        0        0            +1
  50900    5851     3982     4718      1133        0        0            +1
  51000    5884     3991     4751      1133        0        0            +1
  51100    5810     3996     4688      1122        0        0            +1
  51200    5765     4005     4721      1044        0        0            +1
  51300    5948     4011     4775      1173        0        0            +1
  51400    5881     4016     4739      1142        0        0            +1
  51500    5916     4028     4720      1196        0        0            +1
  51600    5818     4038     4664      1154        0        0            +1
  51700    5957     4046     4790      1167        0        0            +1
  51800    5883     4051     4744      1139        0        0            +1
  51900    5915     4059     4747      1168        0        0            +1
  52000    5930     4067     4734      1196        0        0            +1
  52100    5967     4074     4849      1118        0        0            +1
  52200    6013     4083     4874      1139        0        0            +1
  52300    6013     4090     4805      1208        0        0            +1
  52400    6007     4097     4782      1225        0        0            +1
  52500    5994     4098     4815      1179        0        0            +1
  52600    6032     4109     4853      1179        0        0            +1
  52700    6078     4114     4888      1190        0        0            +1
  52800    6054     4120     4892      1162        0        0            +1
  52900    6023     4127     4857      1166        0        0            +1
  53000    6057     4137     4838      1219        0        0            +1
  53100    6069     4145     4855      1214        0        0            +1
  53200    6100     4154     4896      1204        0        0            +1
  53300    6138     4163     4965      1173        0        0            +1
  53400    6151     4167     4958      1193        0        0            +1
  53500    6183     4175     4981      1202        0        0            +1
  53600    6134     4180     4890      1244        0        0            +1
  53700    6078     4191     4845      1233        0        0            +1
  53800    6160     4197     4969      1191        0        0            +1
  53900    6158     4206     4973      1185        0        0            +1
  54000    6132     4212     4873      1259        0        0            +1
  54100    6115     4220     4925      1190        0        0            +1
  54200    6213     4228     4986      1227        0        0            +1
  54300    6256     4233     5018      1238        0        0            +1
  54400    6252     4240     5027      1225        0        0            +1
  54500    6190     4250     4966      1224        0        0            +1
  54600    6247     4259     4987      1260        0        0            +1
  54700    6318     4267     5090      1228        0        0            +1
  54800    6297     4274     5023      1274        0        0            +1
  54900    6288     4279     5087      1201        0        0            +1
  55000    6277     4286     5038      1239        0        0            +1
  55100    6225     4293     4999      1226        0        0            +1
  55200    6301     4298     5027      1274        0        0            +1
  55300    6270     4306     5042      1228        0        0            +1
  55400    6335     4315     5100      1235        0        0            +1
  55500    6369     4320     5127      1242        0        0            +1
  55600    6387     4325     5120      1267        0        0            +1
  55700    6441     4338     5196      1245        0        0            +1
  55800    6387     4346     5103      1284        0        0            +1
  55900    6419     4356     5108      1311        0        0            +1
  56000    6428     4362     5133      1295        0        0            +1
  56100    6447     4370     5211      1236        0        0            +1
  56200    6381     4376     5109      1272        0        0            +1
  56300    6484     4383     5232      1252        0        0            +1
  56400    6459     4390     5151      1308        0        0            +1
  56500    6473     4399     5243      1230        0        0            +1
  56600    6476     4409     5204      1272        0        0            +1
  56700    6517     4416     5184      1333        0        0            +1
  56800    6532     4423     5184      1348        0        0            +1
  56900    6461     4433     5138      1323        0        0            +1
  57000    6458     4445     5130      1328        0        0            +1
  57100    6535     4453     5206      1329        0        0            +1
  57200    6548     4461     5229      1319        0        0            +1
  57300    6524     4469     5189      1335        0        0            +1
  57400    6587     4476     5273      1314        0        0            +1
  57500    6574     4482     5261      1313        0        0            +1
  57600    6579     4487     5251      1328        0        0            +1
  57700    6536     4495     5213      1323        0        0            +1
  57800    6542     4505     5197      1345        0        0            +1
  57900    6637     4511     5308      1329        0        0            +1
  58000    6608     4518     5203      1405        0        0            +1
  58100    6703     4527     5357      1346        0        0            +1
  58200    6613     4537     5299      1314        0        0            +1
  58300    6702     4544     5327      1375        0        0            +1
  58400    6691     4551     5313      1378        0        0            +1
  58500    6733     4559     5391      1342        0        0            +1
  58600    6648     4564     5299      1349        0        0            +1
  58700    6707     4573     5314      1393        0        0            +1
  58800    6574     4579     5241      1333        0        0            +1
  58900    6773     4581     5358      1415        0        0            +1
  59000    6701     4591     5372      1329        0        0            +1
  59100    6692     4602     5298      1394        0        0            +1
  59200    6691     4611     5320      1371        0        0            +1
  59300    6769     4619     5388      1381        0        0            +1
  59400    6726     4628     5331      1395        0        0            +1
  59500    6847     4637     5392      1455        0        0            +1
  59600    6778     4642     5365      1413        0        0            +1
  59700    6768     4653     5347      1421        0        0            +1
  59800    6892     4661     5507      1385        0        0            +1
  59900    6857     4662     5446      1411        0        0            +1
  60000    6902     4668     5540      1362        0        0            +1
  60100    6800     4676     5435      1365        0        0            +1
  60200    6909     4684     5479      1430        0        0            +1
  60300    6835     4693     5396      1439        0        0            +1
  60400    6847     4700     5469      1378        0        0            +1
  60500    6930     4704     5517      1413        0        0            +1
  60600    6969     4708     5511      1458        0        0            +1
  60700    6909     4719     5511      1398        0        0            +1
  60800    6970     4730     5534      1436        0        0            +1
  60900    6966     4736     5570      1396        0        0            +1
  61000    6995     4743     5596      1399        0        0            +1
  61100    6965     4751     5546      1419        0        0            +1
  61200    6992     4755     5623      1369        0        0            +1
  61300    7027     4760     5582      1445        0        0            +1
  61400    7016     4767     5604      1412        0        0            +1
  61500    6974     4777     5588      1386        0        0            +1
  61600    7050     4784     5582      1468        0        0            +1
  61700    7053     4795     5515      1538        0        0            +1
  61800    7051     4800     5612      1439        0        0            +1
  61900    7013     4804     5525      1488        0        0            +1
  62000    7071     4811     5529      1542        0        0            +1
  62100    7062     4821     5601      1461        0        0            +1
  62200    7084     4828     5555      1529        0        0            +1
  62300    7115     4835     5677      1438        0        0            +1
  62400    7103     4839     5669      1434        0        0            +1
  62500    7149     4847     5685      1464        0        0            +1
  62600    7149     4852     5682      1467        0        0            +1
  62700    7077     4860     5621      1456        0        0            +1
  62800    7215     4865     5714      1501        0        0            +1
  62900    7187     4871     5636      1551        0        0            +1
  63000    7219     4881     5717      1502        0        0            +1
  63100    7206     4887     5744      1462        0        0            +1
  63200    7286     4894     5788      1498        0        0            +1
  63300    7160     4897     5726      1434        0        0            +1
  63400    7246     4909     5732      1514        0        0            +1
  63500    7310     4919     5814      1496        0        0            +1
  63600    7215     4926     5667      1548        0        0            +1
  63700    7269     4935     5745      1524        0        0            +1
  63800    7197     4946     5681      1516        0        0            +1
  63900    7337     4952     5867      1470        0        0            +1
  64000    7370     4956     5863      1507        0        0            +1
  64100    7317     4965     5752      1565        0        0            +1
  64200    7375     4972     5875      1500        0        0            +1
  64300    7362     4977     5875      1487        0        0            +1
  64400    7363     4984     5803      1560        0        0            +1
  64500    7429     4990     5857      1572        0        0            +1
  64600    7329     4993     5839      1490        0        0            +1
  64700    7435     5001     5905      1530        0        0            +1
  64800    7368     5007     5819      1549        0        0            +1
  64900    7331     5014     5781      1550        0        0            +1
  65000    7386     5020     5793      1593        0        0            +1
  65100    7444     5029     5873      1571        0        0            +1
  65200    7441     5040     5893      1548        0        0            +1
  65300    7529     5046     5981      1548        0        0            +1
  65400    7371     5052     5836      1535        0        0            +1
  65500    7456     5059     5844      1612        0        0            +1
  65600    7540     5069     5979      1561        0        0            +1
  65700    7474     5077     5943      1531        0        0            +1
  65800    7489     5085     5946      1543        0        0            +1
  65900    7499     5094     5919      1580        0        0            +1
  66000    7507     5100     5923      1584        0        0            +1
  66100    7513     5106     5943      1570        0        0            +1
  66200    7526     5113     5949      1577        0        0            +1
  66300    7570     5115     6013      1557        0        0            +1
  66400    7550     5121     5940      1610        0        0            +1
  66500    7625     5129     5968      1657        0        0            +1
  66600    7589     5137     5970      1619        0        0            +1
  66700    7645     5142     5988      1657        0        0            +1
  66800    7606     5149     5994      1612        0        0            +1
  66900    7624     5158     6054      1570        0        0            +1
  67000    7686     5164     6039      1647        0        0            +1
  67100    7628     5171     6000      1628        0        0            +1
  67200    7668     5181     6064      1604        0        0            +1
  67300    7696     5189     6068      1628        0        0            +1
  67400    7703     5194     6057      1646        0        0            +1
  67500    7734     5206     6060      1674        0        0            +1
  67600    7721     5214     6135      1586        0        0            +1
  67700    7630     5219     6041      1589        0        0            +1
  67800    7707     5230     6130      1577        0        0            +1
  67900    7733     5237     6091      1642        0        0            +1
  68000    7788     5247     6223      1565        0        0            +1
  68100    7753     5252     6083      1670        0        0            +1
  68200    7753     5256     6099      1654        0        0            +1
  68300    7776     5264     6091      1685        0        0            +1
  68400    7814     5270     6130      1684        0        0            +1
  68500    7801     5278     6177      1624        0        0            +1
  68600    7848     5284     6197      1651        0        0            +1
  68700    7833     5288     6222      1611        0        0            +1
  68800    7889     5298     6223      1666        0        0            +1
  68900    7842     5305     6195      1647        0        0            +1
  69000    7818     5310     6190      1628        0        0            +1
  69100    7945     5315     6280      1665        0        0            +1
  69200    7937     5323     6250      1687        0        0            +1
  69300    7845     5329     6254      1591        0        0            +1
  69400    7873     5336     6167      1706        0        0            +1
  69500    7922     5347     6270      1652        0        0            +1
  69600    7949     5349     6239      1710        0        0            +1
  69700    7837     5355     6105      1732        0        0            +1
  69800    7927     5360     6274      1653        0        0            +1
  69900    7963     5368     6289      1674        0        0            +1
  70000    7909     5373     6270      1639        0        0            +1
  70100    7998     5382     6222      1776        0        0            +1
  70200    8033     5391     6274      1759        0        0            +1
  70300    8019     5399     6325      1694        0        0            +1
  70400    7961     5406     6212      1749        0        0            +1
  70500    8059     5415     6393      1666        0        0            +1
  70600    7989     5422     6275      1714        0        0            +1
  70700    8039     5429     6275      1764        0        0            +1
  70800    8064     5434     6336      1728        0        0            +1
  70900    8061     5442     6283      1778        0        0            +1
  71000    8063     5455     6314      1749        0        0            +1
  71100    8042     5461     6295      1747        0        0            +1
  71200    8033     5468     6329      1704        0        0            +1
  71300    8046     5473     6347      1699        0        0            +1
  71400    8096     5486     6361      1735        0        0            +1
  71500    8058     5496     6334      1724        0        0            +1
  71600    8119     5504     6365      1754        0        0            +1
  71700    8164     5508     6385      1779        0        0            +1
  71800    8136     5514     6354      1782        0        0            +1
  71900    8189     5525     6411      1778        0        0            +1
  72000    8207     5535     6434      1773        0        0            +1
  72100    8179     5541     6408      1771        0        0            +1
  72200    8348     5547     6627      1721        0        0            +1
  72300    8227     5557     6496      1731        0        0            +1
  72400    8244     5563     6527      1717        0        0            +1
  72500    8229     5570     6432      1797        0        0            +1
  72600    8296     5575     6534      1762        0        0            +1
  72700    8396     5585     6594      1802        0        0            +1
  72800    8328     5592     6573      1755        0        0            +1
  72900    8336     5599     6538      1798        0        0            +1
  73000    8316     5610     6550      1766        0        0            +1
  73100    8293     5618     6515      1778        0        0            +1
  73200    8433     5622     6627      1806        0        0            +1
  73300    8335     5626     6518      1817        0        0            +1
  73400    8438     5635     6564      1874        0        0            +1
  73500    8396     5640     6597      1799        0        0            +1
  73600    8485     5647     6623      1862        0        0            +1
  73700    8392     5656     6588      1804        0        0            +1
  73800    8423     5660     6636      1787        0        0            +1
  73900    8363     5668     6518      1845        0        0            +1
  74000    8398     5672     6533      1865        0        0            +1
  74100    8425     5680     6658      1767        0        0            +1
  74200    8434     5689     6605      1829        0        0            +1
  74300    8487     5697     6687      1800        0        0            +1
  74400    8492     5705     6717      1775        0        0            +1
  74500    8491     5711     6694      1797        0        0            +1
  74600    8463     5721     6635      1828        0        0            +1
  74700    8493     5725     6642      1851        0        0            +1
  74800    8475     5735     6655      1820        0        0            +1
  74900    8569     5743     6692      1877        0        0            +1
  75000    8551     5747     6655      1896        0        0            +1
  75100    8489     5753     6635      1854        0        0            +1
  75200    8571     5761     6715      1856        0        0            +1
  75300    8475     5769     6612      1863        0        0            +1
  75400    8600     5779     6674      1926        0        0            +1
  75500    8572     5783     6739      1833        0        0            +1
  75600    8582     5793     6717      1865        0        0            +1
  75700    8548     5801     6692      1856        0        0            +1
  75800    8547     5812     6665      1882        0        0            +1
  75900    8527     5816     6703      1824        0        0            +1
  76000    8568     5824     6772      1796        0        0            +1
  76100    8667     5830     6791      1876        0        0            +1
  76200    8709     5836     6777      1932        0        0            +1
  76300    8594     5846     6778      1816        0        0            +1
  76400    8614     5852     6731      1883        0        0            +1
  76500    8702     5858     6815      1887        0        0            +1
  76600    8642     5865     6755      1887        0        0            +1
  76700    8775     5874     6940      1835        0        0            +1
  76800    8785     5879     6839      1946        0        0            +1
  76900    8706     5887     6777      1929        0        0            +1
  77000    8659     5895     6759      1900        0        0            +1
  77100    8766     5901     6834      1932        0        0            +1
  77200    8828     5908     6901      1927        0        0            +1
  77300    8818     5919     6985      1833        0        0            +1
  77400    8788     5926     6895      1893        0        0            +1
  77500    8809     5935     6912      1897        0        0            +1
  77600    8781     5945     6817      1964        0        0            +1
  77700    8878     5953     6933      1945        0        0            +1
  77800    8819     5964     6889      1930        0        0            +1
  77900    8828     5971     6879      1949        0        0            +1
  78000    8854     5976     6891      1963        0        0            +1
  78100    8913     5980     6967      1946        0        0            +1
  78200    8819     5989     6884      1935        0        0            +1
  78300    8867     5994     6921      1946        0        0            +1
  78400    8857     5999     6906      1951        0        0            +1
  78500    8844     6006     6861      1983        0        0            +1
  78600    8906     6015     6978      1928        0        0            +1
  78700    9022     6021     7061      1961        0        0            +1
  78800    8924     6029     6987      1937        0        0            +1
  78900    8923     6037     6955      1968        0        0            +1
  79000    9011     6041     6952      2059        0        0           n/a
  79100    9013     6043     7009      2004        0        0           n/a
  79200    8988     6054     7014      1974        0        0            +1
  79300    9008     6060     6978      2030        0        0           n/a
  79400    9000     6072     6970      2030        0        0           n/a
  79500    9029     6076     7017      2012        0        0           n/a
  79600    8987     6081     6970      2017        0        0           n/a
  79700    9075     6093     7028      2047        0        0           n/a
  79800    9110     6095     7148      1962        0        0            +1
  79900    8989     6107     7014      1975        0        0            +1
  80000    9080     6117     7137      1943        0        0            +1
  80100    9057     6119     7080      1977        0        0            +1
  80200    9133     6126     7192      1941        0        0            +1
  80300    9152     6135     7134      2018        0        0           n/a
  80400    9030     6140     6995      2035        0        0           n/a
  80500    9173     6146     7140      2033        0        0           n/a
  80600    9196     6151     7159      2037        0        0           n/a
  80700    9183     6163     7117      2066        0        0           n/a
  80800    9163     6170     7107      2056        0        0           n/a
  80900    9156     6176     7100      2056        0        0           n/a
  81000    9211     6185     7140      2071        0        0           n/a
  81100    9229     6196     7212      2017        0        0           n/a
  81200    9216     6202     7170      2046        0        0           n/a
  81300    9149     6210     7093      2056        0        0           n/a
  81400    9218     6216     7188      2030        0        0           n/a
  81500    9291     6221     7161      2130        0        0           n/a
  81600    9239     6228     7196      2043        0        0           n/a
  81700    9263     6237     7237      2026        0        0           n/a
  81800    9261     6246     7158      2103        0        0           n/a
  81900    9208     6253     7194      2014        0        0           n/a
  82000    9353     6261     7317      2036        0        0           n/a
  82100    9382     6271     7345      2037        0        0           n/a
  82200    9255     6279     7154      2101        0        0           n/a
  82300    9282     6288     7295      1987        0        0            +1
  82400    9363     6294     7316      2047        0        0           n/a
  82500    9304     6302     7255      2049        0        0           n/a
  82600    9415     6309     7299      2116        0        0           n/a
  82700    9409     6315     7287      2122        0        0           n/a
  82800    9415     6324     7351      2064        0        0           n/a
  82900    9413     6329     7310      2103        0        0           n/a
  83000    9349     6334     7249      2100        0        0           n/a
  83100    9503     6342     7421      2082        0        0           n/a
  83200    9473     6345     7358      2115        0        0           n/a
  83300    9442     6357     7314      2128        0        0           n/a
  83400    9542     6362     7442      2100        0        0           n/a
  83500    9533     6373     7428      2105        0        0           n/a
  83600    9549     6376     7403      2146        0        0           n/a
  83700    9574     6383     7474      2100        0        0           n/a
  83800    9471     6388     7421      2050        0        0           n/a
  83900    9577     6393     7461      2116        0        0           n/a
  84000    9541     6398     7454      2087        0        0           n/a
  84100    9608     6406     7453      2155        0        0           n/a
  84200    9585     6413     7518      2067        0        0           n/a
  84300    9552     6419     7444      2108        0        0           n/a
  84400    9603     6426     7484      2119        0        0           n/a
  84500    9555     6437     7431      2124        0        0           n/a
  84600    9601     6444     7441      2160        0        0           n/a
  84700    9614     6450     7455      2159        0        0           n/a
  84800    9645     6457     7552      2093        0        0           n/a
  84900    9560     6462     7428      2132        0        0           n/a
  85000    9718     6469     7557      2161        0        0           n/a
  85100    9755     6477     7563      2192        0        0           n/a
  85200    9699     6484     7581      2118        0        0           n/a
  85300    9758     6492     7559      2199        0        0           n/a
  85400    9672     6499     7487      2185        0        0           n/a
  85500    9718     6506     7536      2182        0        0           n/a
  85600    9778     6512     7609      2169        0        0           n/a
  85700    9777     6522     7619      2158        0        0           n/a
  85800    9816     6527     7612      2204        0        0           n/a
  85900    9737     6535     7574      2163        0        0           n/a
  86000    9736     6538     7545      2191        0        0           n/a
  86100    9795     6543     7622      2173        0        0           n/a
  86200    9732     6551     7576      2156        0        0           n/a
  86300    9828     6561     7592      2236        0        0           n/a
  86400    9801     6572     7629      2172        0        0           n/a
  86500    9835     6580     7639      2196        0        0           n/a
  86600    9814     6587     7606      2208        0        0           n/a
  86700    9795     6589     7596      2199        0        0           n/a
  86800    9834     6596     7642      2192        0        0           n/a
  86900    9814     6601     7611      2203        0        0           n/a
  87000    9857     6607     7685      2172        0        0           n/a
  87100    9933     6612     7718      2215        0        0           n/a
  87200    9972     6620     7807      2165        0        0           n/a
  87300   10002     6630     7723      2279        0        0           n/a
  87400    9810     6635     7563      2247        0        0           n/a
  87500    9889     6644     7656      2233        0        0           n/a
  87600    9760     6653     7484      2276        0        0           n/a
  87700    9930     6664     7683      2247        0        0           n/a
  87800   10000     6670     7748      2252        0        0           n/a
  87900    9929     6677     7700      2229        0        0           n/a
  88000    9956     6685     7679      2277        0        0           n/a
  88100    9969     6692     7766      2203        0        0           n/a
  88200    9997     6694     7689      2308        0        0           n/a
  88300   10025     6700     7794      2231        0        0           n/a
  88400   10030     6705     7764      2266        0        0           n/a
  88500   10024     6713     7818      2206        0        0           n/a
  88600   10048     6717     7752      2296        0        0           n/a
  88700   10132     6725     7877      2255        0        0           n/a
  88800   10057     6728     7766      2291        0        0           n/a
  88900   10166     6740     7915      2251        0        0           n/a
  89000   10109     6744     7806      2303        0        0           n/a
  89100   10142     6754     7915      2227        0        0           n/a
  89200   10128     6761     7857      2271        0        0           n/a
  89300   10127     6769     7908      2219        0        0           n/a
  89400   10069     6778     7722      2347        0        0           n/a
  89500   10067     6786     7749      2318        0        0           n/a
  89600   10137     6794     7861      2276        0        0           n/a
  89700   10073     6805     7770      2303        0        0           n/a
  89800   10191     6809     7870      2321        0        0           n/a
  89900   10132     6817     7804      2328        0        0           n/a
  90000   10243     6824     7938      2305        0        0           n/a
  90100   10275     6835     7924      2351        0        0           n/a
  90200   10243     6845     7900      2343        0        0           n/a
  90300   10236     6853     7881      2355        0        0           n/a
  90400   10241     6859     7949      2292        0        0           n/a
  90500   10247     6867     7916      2331        0        0           n/a
  90600   10343     6873     8019      2324        0        0           n/a
  90700   10278     6880     7894      2384        0        0           n/a
  90800   10366     6884     8060      2306        0        0           n/a
  90900   10313     6892     7938      2375        0        0           n/a
  91000   10255     6901     7901      2354        0        0           n/a
  91100   10200     6905     7856      2344        0        0           n/a
  91200   10229     6916     7839      2390        0        0           n/a
  91300   10365     6921     8040      2325        0        0           n/a
  91400   10328     6931     7996      2332        0        0           n/a
  91500   10429     6937     8108      2321        0        0           n/a
  91600   10416     6944     7974      2442        0        0           n/a
  91700   10389     6948     8038      2351        0        0           n/a
  91800   10408     6954     8029      2379        0        0           n/a
  91900   10357     6962     7929      2428        0        0           n/a
  92000   10431     6970     8002      2429        0        0           n/a
  92100   10433     6975     8014      2419        0        0           n/a
  92200   10581     6984     8156      2425        0        0           n/a
  92300   10477     6992     8106      2371        0        0           n/a
  92400   10467     7004     8032      2435        0        0           n/a
  92500   10448     7011     8103      2345        0        0           n/a
  92600   10462     7016     8065      2397        0        0           n/a
  92700   10488     7026     8101      2387        0        0           n/a
  92800   10636     7036     8211      2425        0        0           n/a
  92900   10517     7043     8169      2348        0        0           n/a
  93000   10618     7051     8112      2506        0        0           n/a
  93100   10617     7058     8197      2420        0        0           n/a
  93200   10518     7066     8110      2408        0        0           n/a
  93300   10658     7074     8218      2440        0        0           n/a
  93400   10592     7082     8225      2367        0        0           n/a
  93500   10534     7091     8133      2401        0        0           n/a
  93600   10629     7099     8172      2457        0        0           n/a
  93700   10721     7102     8285      2436        0        0           n/a
  93800   10700     7107     8193      2507        0        0           n/a
  93900   10680     7114     8289      2391        0        0           n/a
  94000   10623     7125     8214      2409        0        0           n/a
  94100   10648     7131     8139      2509        0        0           n/a
  94200   10616     7136     8220      2396        0        0           n/a
  94300   10720     7143     8304      2416        0        0           n/a
  94400   10714     7151     8186      2528        0        0           n/a
  94500   10714     7158     8282      2432        0        0           n/a
  94600   10712     7168     8269      2443        0        0           n/a
  94700   10600     7175     8091      2509        0        0           n/a
  94800   10693     7180     8211      2482        0        0           n/a
  94900   10728     7189     8252      2476        0        0           n/a
  95000   10823     7195     8357      2466        0        0           n/a
  95100   10801     7202     8268      2533        0        0           n/a
  95200   10643     7208     8156      2487        0        0           n/a
  95300   10833     7220     8385      2448        0        0           n/a
  95400   10819     7226     8288      2531        0        0           n/a
  95500   10875     7235     8425      2450        0        0           n/a
  95600   10885     7243     8455      2430        0        0           n/a
  95700   10829     7247     8293      2536        0        0           n/a
  95800   10852     7258     8398      2454        0        0           n/a
  95900   10781     7266     8254      2527        0        0           n/a
  96000   10810     7275     8333      2477        0        0           n/a
  96100   10838     7280     8302      2536        0        0           n/a
  96200   10957     7286     8440      2517        0        0           n/a
  96300   10914     7294     8395      2519        0        0           n/a
  96400   10889     7299     8384      2505        0        0           n/a
  96500   10868     7310     8323      2545        0        0           n/a
  96600   10923     7316     8411      2512        0        0           n/a
  96700   10999     7322     8486      2513        0        0           n/a
  96800   11050     7332     8522      2528        0        0           n/a
  96900   10961     7338     8418      2543        0        0           n/a
  97000   10995     7344     8465      2530        0        0           n/a
  97100   10991     7349     8452      2539        0        0           n/a
  97200   11056     7358     8472      2584        0        0           n/a
  97300   11043     7362     8542      2501        0        0           n/a
  97400   10984     7368     8442      2542        0        0           n/a
  97500   11016     7373     8458      2558        0        0           n/a
  97600   11056     7382     8474      2582        0        0           n/a
  97700   11121     7388     8487      2634        0        0           n/a
  97800   11080     7392     8488      2592        0        0           n/a
  97900   11075     7403     8522      2553        0        0           n/a
  98000   10976     7408     8498      2478        0        0           n/a
  98100   11085     7412     8604      2481        0        0           n/a
  98200   11131     7415     8574      2557        0        0           n/a
  98300   11109     7423     8447      2662        0        0           n/a
  98400   11167     7431     8558      2609        0        0           n/a
  98500   11092     7441     8515      2577        0        0           n/a
  98600   11179     7448     8605      2574        0        0           n/a
  98700   11128     7452     8562      2566        0        0           n/a
  98800   11223     7458     8590      2633        0        0           n/a
  98900   11168     7469     8545      2623        0        0           n/a
  99000   11072     7478     8491      2581        0        0           n/a
  99100   11225     7486     8602      2623        0        0           n/a
  99200   11203     7495     8620      2583        0        0           n/a
  99300   11180     7502     8525      2655        0        0           n/a
  99400   11138     7508     8563      2575        0        0           n/a
  99500   11263     7514     8613      2650        0        0           n/a
  99600   11257     7522     8645      2612        0        0           n/a
  99700   11295     7528     8654      2641        0        0           n/a
  99800   11365     7536     8782      2583        0        0           n/a
  99900   11281     7545     8721      2560        0        0           n/a
  100000   11297     7553     8688      2609        0        0           n/a

==================================================
SUMMARY (n in [100,100000], alpha=0.85)
==================================================
Total single-vertex violations : 0
Total pair violations          : 0
Minimum tightest pair slack    : 1

CONCLUSION: Zero Hall violations at single and pair level.
Minimum pair slack = 1 > 0 throughout.
