python bilinear_threshold_scan.py

=== Experiment A: theta scan at n = 10,000,000, D = 30 ===

  theta         Q   pi(Q)  theta_actual   L1*logn/n  L2_off/L2_diag
   0.50       105      19         0.500     0.00003          -0.549
   0.55       236      40         0.550     0.00007          -0.431
   0.60       528      78         0.600     0.00013          -0.446
   0.65      1183     156         0.650     0.00026          -0.470
   0.70      2648     318         0.700     0.00053          -0.464
   0.75      5928     642         0.750     0.00109          -0.458
   0.80     13270    1336         0.800     0.00214          -0.509
   0.85     29708    2785         0.850     0.00452          -0.505
   0.90     66509    5784         0.900     0.00929          -0.510
   0.95    148895   12081         0.950     0.01951          -0.504
   1.00    333333   25404         1.000     0.04181          -0.491
   1.10   1670624  113555         1.100     0.21266          -0.447

=== Experiment B: D growing along DQ ~ n^0.6 ===

              n     D      Q   pi(Q)  theta_actual   L1*logn/n  L2_off/L2_diag
      1,000,000    40    100      21         0.600     0.00030          -0.610
     10,000,000    80    200      32         0.601     0.00008          -0.582
    100,000,000   160    400      61         0.601     0.00002          -0.561
  1,000,000,000   320    800     112         0.601     0.00001          -0.370
  10,000,000,000   640   1600     201         0.601     0.00000          -0.405

Wrote bilinear_threshold_scan_results.csv